	K11_JV87_I_D	K11_JV87_IV_D	K12_KJ78_I_D	K12_KJ78_IV_D	K16_PP75_I_D	K16_PP75_IV_D	K17_SS75_I_D	K17_SS75_IV_D	K2_NL71_I_D	K2_NL71_IV_D	K20_HO76_I_D	K20_HO76_IV_D	K21_KT86_I_D	K23_JM85_I_D	K27_BA81_II_D	K28_KZ83_I_D	K3_KM78_I_D	K3_KM78_IV_D	K30_SF95_I_D	K32_KS89_I_D	K34_BI96_I_D	K34_BI96_IV_D	K39_DS96_I_D	K4_RR79_I_D	K40_WV86_IV_D	K41_NE90_I_D	K41_NE90_IV_D	K43_KZ94_I_D	K5_JZ92_I_D	K5_JZ92_IV_D	K8_KP79_I_D	K9_KM80_I_D	K9_KM80_IV_D	P11_GT85_I_D	P11_GT85_II_D	P11_GT85_III_D	P11_GT85_IV_D	P11_GT85_V_D	P17_BH58_I_D	P17_BH58_II_D	P17_BH58_III_D	P17_BH58_IV_D	P17_BH58_V_D	P17_BH58_VI_D	P18_SJ75_I_D	P18_SJ75_II_D	P18_SJ75_III_D	P18_SJ75_IV_D	P18_SJ75_V_D	P2_ZM87_I_D	P2_ZM87_II_D	P2_ZM87_III_D	P2_ZM87_IV_D	P2_ZM87_V_D	P2_ZM87_VI_D	P30_KM73_I_D	P30_KM73_II_D	P30_KM73_III_D	P30_KM73_IV_D	P30_KM73_V_D	P30_KM73_VI_D	P36_KJ78_I_D	P36_KJ78_III_D	P36_KJ78_IV_D	P36_KJ78_VI_D	P37_SJ55_I_D	P37_SJ55_II_D	P37_SJ55_III_D	P37_SJ55_IV_D	P37_SJ55_V_D	P37_SJ55_VI_D	P43_BR63_I_D	P43_BR63_III_D	P8_LV78_II_D	P8_LV78_III_D	P8_LV78_IV_D	P8_LV78_V_D
K11_JV87_I_D	0.0	0.06481542832051869	0.23518630180422556	0.23755420486269904	0.3335498642696708	0.23677137230917034	0.07433495282666218	0.13505962089375623	0.07256579642325028	0.07227139863795581	0.07855597391263684	0.11138026532805342	0.4539101387109218	0.2687433808039644	0.22483994168045662	0.11270882987985317	0.1392444056692675	0.1401365680570914	0.37352479603895794	0.2595268120012316	0.19905462795409293	0.061593922767782514	0.0857885701678333	0.34455846564440307	0.21387127215984328	0.2846151960223268	0.4085479208909784	0.3070136633296999	0.3766163575076517	0.23399095459389957	0.19714450814925133	0.0806178198679504	0.09218789809271566	0.06050351161502155	0.08799274991024168	0.27993457291695323	0.29793634934832736	0.2072137679984834	0.2869519596518687	0.29344374780759286	0.301319780192318	0.3292862449304644	0.25662405774486	0.3309792647693273	0.3619418137753582	0.24050463301095082	0.3203898959275139	0.33911238553693457	0.32417827716907777	0.09408609167917295	0.09752347500032765	0.08834725150088943	0.2813312680454025	0.30604948810429505	0.2044929679774922	0.3251616391534755	0.32903199922657067	0.3445055776972048	0.306272025823785	0.2787157506915912	0.2751411978448899	0.30776549665774783	0.2727049778606573	0.06927214848548767	0.08384465223313194	0.26832261677960273	0.2014444534989921	0.14852334792034205	0.29795948795890437	0.23624293576513736	0.29553137797337453	0.32533790652280364	0.33984729613651854	0.3690055105161411	0.37345771615685797	0.3418959785735304	0.33050705575717776
K11_JV87_IV_D	0.06481542832051869	0.0	0.23930559505671772	0.24094752631471347	0.33578766738236354	0.24177455819272395	0.08736512312196926	0.13357898370707594	0.09575049384711834	0.08429501259407148	0.08291230252325815	0.12181441523311182	0.4617189371580879	0.27162719983643513	0.22805836488597458	0.11351873158011251	0.14435225217603537	0.15071145442626765	0.37840537663767326	0.26814740304613643	0.20777930328733613	0.06979265676772986	0.11756925499565168	0.34209428970234956	0.22771357387840743	0.2983497756356512	0.4161946000538681	0.3086372864095205	0.3844606609179125	0.24731514663867465	0.20808259638180174	0.08932682681566587	0.09414185543453646	0.06493008777318916	0.09449112752320175	0.28464115163793363	0.3042960089565238	0.23206254622705727	0.28949570722219636	0.2953510285274812	0.30604931491663256	0.3341501646740714	0.2599191759312436	0.3357774188203775	0.3637294437853246	0.24526333807780581	0.3240677349088127	0.3434903155397624	0.3315948829243907	0.09746608966904277	0.10231675919974359	0.08685331047498535	0.28975073088988235	0.3066571762809848	0.2103945638256921	0.3261366709871528	0.3331446096879734	0.3475433604268565	0.31506653230372206	0.28981905153657656	0.2789598845415942	0.3128832273916917	0.2827338527456263	0.0764280698509922	0.09016840911325408	0.2724427573697779	0.20119091083457935	0.1548734402067984	0.3025083154747984	0.24048775125625085	0.3003547387235578	0.3293562569879863	0.3445710483709251	0.3748029186246117	0.37497394586984756	0.3464541248679102	0.3348265495803986
K12_KJ78_I_D	0.23518630180422556	0.23930559505671772	0.0	0.2827231562499244	0.45644211050704975	0.38554375825635434	0.23343759166159805	0.2850705156992029	0.23546490281353732	0.24344315890293977	0.24266499889386212	0.26562381998790124	0.5234319253100586	0.4212119029422968	0.1900502646969366	0.2386250455163716	0.28217185980258086	0.28683339965527344	0.5294191641932869	0.35672019712129777	0.1988649785064758	0.23127193640568067	0.2531334232077485	0.36970592520620565	0.2992688292840464	0.38878267772216124	0.4582714927662418	0.44691123627106677	0.37721353003648345	0.2180096507866593	0.20417984523020943	0.23136806868611262	0.24496992966190098	0.24625335007348004	0.25325119858309264	0.4347486160625981	0.4425753453973232	0.36325468261007354	0.4376124205305294	0.44359191328285563	0.45062866040500443	0.4795535740171254	0.39942926974230936	0.48377015024608194	0.5111778411656104	0.38981373212903486	0.47330363058645664	0.4774104326497858	0.4408688327232505	0.24327324312494392	0.25052494242039625	0.23882795397704717	0.3906925678208393	0.3680134963360635	0.35258167742391083	0.46884085318865987	0.48309195886692347	0.4887984668363768	0.39227572610535943	0.388555478810357	0.428878259371589	0.46045022402092783	0.3781806110744811	0.24772295232064528	0.25334822353521813	0.4204686312358934	0.33115232860555216	0.30293699660516815	0.44916150307801017	0.3856161179220029	0.4439766466403504	0.4769931946054355	0.48980062451880324	0.517163291851527	0.5111993158272616	0.495527601032682	0.46944041615579235
K12_KJ78_IV_D	0.23755420486269904	0.24094752631471347	0.2827231562499244	0.0	0.34565355735598474	0.2638354479091236	0.21341019997275534	0.22511826025450976	0.23403427145093345	0.239006620110635	0.24320520885869595	0.22732538908397773	0.4175481827716475	0.30066417978334964	0.2931421985748126	0.23136078920208786	0.23778524078605393	0.21958032253277127	0.40751594805842895	0.261601208381972	0.2776531640561644	0.2329146109212827	0.2334141582761298	0.3598194244195677	0.21002758896459484	0.2728970013960452	0.3976598558020402	0.32098851629445985	0.4662405736914388	0.31623082441893186	0.2943336731043773	0.22982505831365047	0.22827707051796656	0.24378549783753006	0.2387634952647417	0.31589344306097067	0.3238645106168189	0.24551014667845789	0.2823997375832834	0.28612931640120365	0.3123379759778471	0.31976379075748307	0.27252407586832034	0.3296064880572015	0.3325066697983964	0.2608089639437793	0.2944961316008108	0.3484490490658528	0.28901550119874153	0.23867732517679047	0.23959601774416134	0.24139965700617705	0.2799416253328714	0.2946948394826538	0.22553098933620946	0.34876106804958096	0.34540090206398183	0.3515301764018011	0.31674414064770423	0.29837453273421927	0.2824762141377525	0.3252287943367402	0.27162262783846153	0.24062301884043047	0.24427829103909904	0.2924436171257644	0.21488198939015768	0.22152392589967052	0.30995464078179613	0.256916567812192	0.2743300272894714	0.3161240377474647	0.3067004287321542	0.39339853026586713	0.3968497450151599	0.37337374889093666	0.34929722559677906
K16_PP75_I_D	0.3335498642696708	0.33578766738236354	0.45644211050704975	0.34565355735598474	0.0	0.18642849372058462	0.31235958801345165	0.25950964855753167	0.33199041659149364	0.30388744131501644	0.36411036091946175	0.2761127858623001	0.33088224213459305	0.19170483905880203	0.4533097805549192	0.32105959328433575	0.2813257230177848	0.24247623010604716	0.17752658866912352	0.3042638156185974	0.4331202026031683	0.329573748848516	0.2868255636210916	0.4497770482503147	0.2913444856968114	0.23608921050426948	0.3839428083699171	0.23177574688469849	0.6115102533351193	0.44689798600455294	0.4601086204388208	0.3013018563990264	0.2882469601669486	0.3230222871367106	0.3006241126466517	0.13349180338174174	0.22051796431230397	0.19112184875331542	0.22953810510056516	0.2187572156223569	0.2234624707507635	0.2369867569124553	0.21511606941183495	0.1679032741431453	0.33614439103188604	0.16960459377377093	0.2758664689434602	0.22054739924736638	0.32016213762713913	0.33715842708349086	0.29052865845448694	0.34534155296746294	0.2565690561684014	0.31250340525632214	0.2277733853067108	0.1433355211743064	0.1530338546257105	0.25818228474055227	0.3744236295177398	0.3607319017233934	0.2646034464192085	0.19566030630650227	0.2919438422691351	0.3141098119351716	0.30590924126087826	0.2259189191692097	0.25885363376429027	0.25887105504222085	0.2676996567425872	0.23912047882951382	0.30407502237518463	0.259583374559726	0.3061175982796578	0.1563678647678494	0.17468281020027218	0.15363625837454237	0.251071191734807
K16_PP75_IV_D	0.23677137230917034	0.24177455819272395	0.38554375825635434	0.2638354479091236	0.18642849372058462	0.0	0.20750606431035973	0.1322382093942382	0.23652894335519759	0.198053338106631	0.26326370704975177	0.1783081401311987	0.31667798159507743	0.1261668623231402	0.37662094414690284	0.19909374561483512	0.15232046297562077	0.13033492322613405	0.2036243412288776	0.21037418685259907	0.34036719070747345	0.23731086797579157	0.18830365014468659	0.3526591152326969	0.20854394759746694	0.15542011536866046	0.3150290009834325	0.14671148058361375	0.5246040659309174	0.36343695388813446	0.3799398398179951	0.21045277194393122	0.1634437285166753	0.2046683396295843	0.16204226752984863	0.11556235683430338	0.12787870501862442	0.08233887276447004	0.13187837978418948	0.1369747640298597	0.12923975024352546	0.17829174953506696	0.09193571776804792	0.15926609251216853	0.30443108902326504	0.08101770213753264	0.20450006973512827	0.1789399315984529	0.25833927008400265	0.24235531712687086	0.18431158499408423	0.2559651958037405	0.17501710139415877	0.22897026903792855	0.12801356665327207	0.16483815962061035	0.16641653823963312	0.19023049794029928	0.3171085428345864	0.30321775995064026	0.17990507499641323	0.17443577986394124	0.23284369767310387	0.20322505917841452	0.1880138708185875	0.14870548714774354	0.14873549743383896	0.12793088025265176	0.17740973516080913	0.09808816069235933	0.19733976748427706	0.18707731576386114	0.22693029067574028	0.1830587081719908	0.1946588314464508	0.1776858957042813	0.1747675254758178
K17_SS75_I_D	0.07433495282666218	0.08736512312196926	0.23343759166159805	0.21341019997275534	0.31235958801345165	0.20750606431035973	0.0	0.10337163907732376	0.08861465393877	0.06890941477654557	0.108355088828191	0.09777524820266126	0.4327474031573982	0.2406490940260948	0.22196675810313504	0.09364568943336904	0.10956280665199324	0.1061754334340479	0.3472618405982689	0.24197672467496628	0.19180691982525389	0.06783738720165108	0.07985115185608502	0.3262494939532069	0.1926886212968006	0.2590605594793997	0.39321298314820713	0.27745510641972626	0.3773123116451794	0.22381239808877057	0.20536096943654508	0.06664185220495956	0.06106920201302473	0.059544521677939985	0.0629383660007142	0.25188257654586466	0.2695222718234616	0.19850022482181054	0.24297790134097455	0.24950628239522102	0.2658983754381576	0.2920705363651231	0.2207471219199141	0.29312207377231503	0.31738057928978486	0.19890558319592394	0.27805316572609795	0.30377958074001266	0.29545863006589074	0.08290529039357084	0.0639430654820374	0.08802925415360732	0.2697404895752551	0.29257947083678115	0.16815216761413493	0.295330102393328	0.2888315275787094	0.30947053061998386	0.27924847840138145	0.25298678554784426	0.23432882651728115	0.27548761566152613	0.25221798559353065	0.05601593265769217	0.05991620272466451	0.23324195482442406	0.1625343030392103	0.10125756491672566	0.2649935435090452	0.20207501416070642	0.2590918826602666	0.2872912221162002	0.3046322178174106	0.3381054436872305	0.34610620925625674	0.3135469126554659	0.2991544307439283
K17_SS75_IV_D	0.13505962089375623	0.13357898370707594	0.2850705156992029	0.22511826025450976	0.25950964855753167	0.1322382093942382	0.10337163907732376	0.0	0.13577620932058024	0.10424000589718639	0.164625108837301	0.07363770349124404	0.38265257929452257	0.17265338096922717	0.2718686363140993	0.12379449252081974	0.07291672193027995	0.05141916402316065	0.2728915256876393	0.19143059019620914	0.24037765743434616	0.132156191458878	0.09007915929994188	0.2732520238014775	0.17358961583039306	0.21737210174216295	0.33836246925028113	0.22228033602480088	0.4226796096096897	0.25964586035097603	0.2747071331977805	0.10386001567761734	0.06190307580550174	0.10263058308075045	0.07201424088361204	0.18112228850836984	0.2075704145311955	0.14629067692329328	0.1816899022617841	0.1868600218957599	0.20019573262747267	0.2314561054160348	0.14945401859394802	0.2266475371412742	0.31384558653388794	0.13865015258065438	0.22159472328866925	0.23917427693968285	0.24952182744235926	0.13824603850667	0.07929278296637593	0.15139762958696662	0.21230296170833718	0.22557343794161927	0.11745375806324763	0.2240160732450775	0.22662048511711363	0.24719758236219555	0.27696966611875995	0.26178304367922967	0.17380296613639962	0.22623758599616883	0.22147907855467538	0.09977072382579759	0.08410625960808558	0.1713915717282886	0.12612302382366666	0.04929975936749393	0.1980379394897252	0.14483797754659575	0.22464228501237127	0.22175825987703243	0.2743108592538301	0.26840170802190605	0.2791223747376738	0.2406035406961748	0.23562763607490256
K2_NL71_I_D	0.07256579642325028	0.09575049384711834	0.23546490281353732	0.23403427145093345	0.33199041659149364	0.23652894335519759	0.08861465393877	0.13577620932058024	0.0	0.06580564928467766	0.10943505114448465	0.1263194006507597	0.4412036493332296	0.2706637698880835	0.21105886761157683	0.11962118956945104	0.13421606379130496	0.13689205612462163	0.3745442873655056	0.25293090696233056	0.19860008751105837	0.07966538788928677	0.10597281356376832	0.3241264634964012	0.20129557484986693	0.2762745817043779	0.3969846059461015	0.307056064515116	0.36088208681578215	0.21645389739168866	0.19234156003861907	0.09053697304970436	0.09458716428356978	0.08609303763933009	0.09527707169199334	0.2822594723040106	0.29791359415090074	0.22732084139356729	0.2885059555105697	0.29179253746839673	0.3001158211887527	0.32852100252159555	0.2518322004014742	0.3309409046508325	0.36383625463202274	0.2439187833747274	0.31986112122937616	0.3389728860801024	0.3139686477635855	0.09302613753887462	0.09849490787045473	0.09084211657423526	0.2720154668286371	0.2947371492841335	0.20311466477646412	0.3245975598933758	0.33018403647579553	0.34326552838189217	0.2956442281500955	0.2695364305330954	0.27657805088987597	0.30853464781421536	0.2636040973023869	0.08775321350890554	0.08980238123334401	0.2681788293427183	0.19879107820869907	0.15327457939596761	0.29851500349287846	0.23805048150186126	0.29597686874180107	0.32476408707849064	0.339613475300205	0.3699781564248955	0.37105710960769855	0.3441091566119535	0.328688291924351
K2_NL71_IV_D	0.07227139863795581	0.08429501259407148	0.24344315890293977	0.239006620110635	0.30388744131501644	0.198053338106631	0.06890941477654557	0.10424000589718639	0.06580564928467766	0.0	0.11020738273070844	0.11086369551105098	0.439611308878123	0.24224232476645852	0.21474211331366755	0.09128429858530038	0.09342684124854062	0.11107383764473	0.3439007369965259	0.2545023651010895	0.2052218053423724	0.0841344637473047	0.09156872550089898	0.3256791461241628	0.19448870918674993	0.27071198334792856	0.3937376927313106	0.27402694839774866	0.37292164979359244	0.23030305077585705	0.214500694121424	0.07193099115511395	0.06572372783252485	0.05542741306240204	0.06518224562547217	0.2529211226298601	0.26120508976589857	0.19575708792655536	0.2582268432386808	0.25609864337895105	0.2634559556611533	0.2964160648408649	0.216622407142174	0.2991127669217347	0.33571354194137737	0.2116138176192294	0.28974247865419095	0.30420134495247986	0.31072234805989307	0.08334451092884063	0.05784544591231014	0.08938058032856848	0.2689494709779129	0.292314588843239	0.17906789929420902	0.2927896733826443	0.2992781163998995	0.3077419490964781	0.2928370095536754	0.267958733657366	0.24555143938508356	0.2876346751727282	0.2593560366593324	0.060920315441468934	0.055257751053085225	0.23878480539612243	0.16444514589713777	0.11755315846228351	0.2693252165571133	0.20837637371397422	0.26668199428426514	0.29112776285753666	0.30505791724325193	0.33320604434800016	0.3377587395463815	0.3127345090141681	0.2947560184522945
K20_HO76_I_D	0.07855597391263684	0.08291230252325815	0.24266499889386212	0.24320520885869595	0.36411036091946175	0.26326370704975177	0.108355088828191	0.164625108837301	0.10943505114448465	0.11020738273070844	0.0	0.13979716747118553	0.4716224617687663	0.29801996421761046	0.23483319006475956	0.1278539853314966	0.16423845340301607	0.17189715021878552	0.4000961772181948	0.2781283615920856	0.21113299109742034	0.07457661989984302	0.13490310011133497	0.36451491928131	0.23653621594278132	0.30799819584326826	0.4276808261190699	0.3276531555988603	0.38165697681262484	0.25964569601873083	0.18495360244025494	0.11121880164238426	0.12148762656508805	0.09087832466827885	0.11449950840646068	0.3095712223992751	0.32484696487746323	0.2526136311492829	0.31353332045280957	0.32176981148240336	0.3265483846489047	0.35422822659940595	0.2816468120657821	0.35850839874115137	0.39134927221514376	0.2708898019607274	0.34815148588612477	0.36623090549899373	0.3472935197200824	0.11472332488858465	0.129621280019813	0.08365852153031718	0.31173687466444133	0.3308951620871694	0.23545801040456757	0.35304537812184755	0.3579161544061066	0.36997843546330456	0.3297298804979876	0.3043089380316774	0.3045610641983261	0.3376302668691397	0.2981405486585218	0.09563646144850665	0.11174353960274555	0.2971067729775031	0.2265031880997437	0.1776120904283972	0.32327195775259454	0.26332457049368774	0.32051293156189065	0.3539313408540809	0.365768306070839	0.39294131697204204	0.39815976440947476	0.37233085986232184	0.35445617763998594
K20_HO76_IV_D	0.11138026532805342	0.12181441523311182	0.26562381998790124	0.22732538908397773	0.2761127858623001	0.1783081401311987	0.09777524820266126	0.07363770349124404	0.1263194006507597	0.11086369551105098	0.13979716747118553	0.0	0.3930877697171331	0.20648708370758823	0.255673688933307	0.12527894789948377	0.10507761168490731	0.08723011425746625	0.3150612633149983	0.19827894005824065	0.22003999164054827	0.12146156459651808	0.0794667910338439	0.2968629747171695	0.18077561383285054	0.2369937313147809	0.349764438451043	0.26386716622779294	0.4077516231974811	0.2457858694159936	0.2586434242167019	0.07581052613125595	0.08002833139707638	0.11046841845353483	0.0863229866304407	0.21693399681469197	0.251486369634774	0.1722579981951699	0.2270660174515656	0.23340515027296577	0.24511523345974282	0.2716346589162483	0.20065365260982865	0.2715925832263529	0.3374231045906676	0.18301423598425465	0.2591196465687957	0.28262628096655906	0.26322968286928883	0.1328960367350553	0.08406894735034788	0.1419254257583659	0.22600759124775427	0.24805732719289153	0.14790371081646067	0.2646449815958013	0.2677391119843101	0.2901986936240164	0.28162868521500223	0.2621729182377337	0.21326121612886004	0.24393631273979033	0.23362428836244153	0.09424446316744012	0.09592345848787717	0.20783778470551997	0.15604276105238124	0.08718619894436905	0.23889321400965524	0.18580824821683056	0.26188733346664445	0.26598638507903516	0.3127580047137676	0.3113931115901814	0.3129508345268272	0.28246282891190655	0.2794836781813486
K21_KT86_I_D	0.4539101387109218	0.4617189371580879	0.5234319253100586	0.4175481827716475	0.33088224213459305	0.31667798159507743	0.4327474031573982	0.38265257929452257	0.4412036493332296	0.439611308878123	0.4716224617687663	0.3930877697171331	0.0	0.3286138902673187	0.5209571033441848	0.4137045114351861	0.38944321029999185	0.36956358355385577	0.3557569462243908	0.31845866673180717	0.4815891007123733	0.45697737117559145	0.4104201899563125	0.5018026217368108	0.358588921518267	0.2909001961593115	0.3526707593950236	0.3071476628027092	0.667277684931761	0.5009862350355444	0.527299767086071	0.42980736776097545	0.415227737263219	0.45050460243103185	0.4194767979828278	0.32648252458590654	0.30020484362255195	0.3010995009860055	0.3365939806018152	0.33334188307487356	0.29613176075704495	0.2903055662054342	0.2940851339981241	0.2955010978016209	0.4347060588433957	0.31632743890909276	0.3319968571481746	0.2716429632192873	0.34239335728799225	0.4517621045088859	0.42275447231179364	0.46773881496393277	0.3479962272087953	0.36260541188001494	0.333444532033809	0.30066904962244356	0.30643768435555	0.31189859317978447	0.3785010204963829	0.38472158522851885	0.34263941609590365	0.30242531884430757	0.3271211983740154	0.4445704901623588	0.43515612941114856	0.3127112808908221	0.3382097590117747	0.37577858533940584	0.32232310688704024	0.33380121145992836	0.34991447043678325	0.33054887743251604	0.353424862014113	0.31153352864357686	0.27568687041764917	0.3168998357070386	0.30357758957078135
K23_JM85_I_D	0.2687433808039644	0.27162719983643513	0.4212119029422968	0.30066417978334964	0.19170483905880203	0.1261668623231402	0.2406490940260948	0.17265338096922717	0.2706637698880835	0.24224232476645852	0.29801996421761046	0.20648708370758823	0.3286138902673187	0.0	0.4088316339921795	0.2583466410713967	0.21105318612724644	0.16685954105830952	0.20293194976333656	0.23962682611854302	0.37533044129312104	0.26731843617926515	0.22575280842736478	0.38663917807183845	0.2602831345491186	0.20415904003565222	0.333008027937004	0.20639331652495752	0.5576627431505706	0.39791123563438213	0.41114727508378424	0.24067950076361472	0.20404776585233125	0.23533962758000423	0.20973702392737587	0.13337871100665222	0.1870635564879017	0.1444632952067037	0.15705471734764498	0.155660454953569	0.18011911082969956	0.16231392937485103	0.14942705496331077	0.14262653878148326	0.30865472384355225	0.11151900297734885	0.1800892157921924	0.18589327507761208	0.22594030746579297	0.274614292261126	0.2144602851184924	0.28534887791826447	0.19840317551939202	0.24207396673279732	0.1435646308298139	0.13633964944992785	0.13536963623639914	0.23763813361635266	0.28572581419914195	0.26926893844748995	0.14935882771605016	0.12971357709608283	0.2097647295813114	0.2330317372258522	0.2192213347461992	0.11601032278951884	0.18894932345482723	0.16609831062114822	0.15640908120884228	0.14187214380898516	0.20367802264240978	0.17341161496247895	0.2560467414548522	0.19875183059726725	0.21869531130360764	0.155248021446299	0.22386856149689485
K27_BA81_II_D	0.22483994168045662	0.22805836488597458	0.1900502646969366	0.2931421985748126	0.4533097805549192	0.37662094414690284	0.22196675810313504	0.2718686363140993	0.21105886761157683	0.21474211331366755	0.23483319006475956	0.255673688933307	0.5209571033441848	0.4088316339921795	0.0	0.23629644966973823	0.26718877476239555	0.27781192795908966	0.5139568914326336	0.34972535995538856	0.18245795540166473	0.21291002944734067	0.2405797892798478	0.356548819961039	0.2850327175099159	0.3893298472431302	0.44954591490970974	0.43654400120140363	0.3751719760092885	0.24016293037587608	0.19916216042910528	0.2108315640657346	0.22938153674375028	0.2223741177493459	0.2301012980757592	0.42061820056104166	0.43583211443396586	0.3629994765402298	0.4291682235332596	0.43395169456680516	0.43704471044248355	0.46570113731490975	0.3919610404522304	0.46990820757834517	0.49569686283584236	0.3793559874590522	0.4576852598254679	0.47064801041378057	0.425982551736504	0.22425421195371054	0.2230513613862576	0.21432119995936205	0.3722188004774797	0.36047496641293275	0.335708753399456	0.46462458646572	0.468287746237049	0.4815499540175434	0.37787883561022456	0.3747191003493998	0.41377121941324485	0.44407939329358104	0.37194048335637536	0.22655018801513727	0.22640377238807224	0.4053022024956688	0.3234210675588369	0.28417752798145013	0.43552214897257246	0.37746402331523676	0.4319131244782095	0.46254247337120014	0.478504969770937	0.5092384451177772	0.5047591889059675	0.48191179497636555	0.46439672629602413
K28_KZ83_I_D	0.11270882987985317	0.11351873158011251	0.2386250455163716	0.23136078920208786	0.32105959328433575	0.19909374561483512	0.09364568943336904	0.12379449252081974	0.11962118956945104	0.09128429858530038	0.1278539853314966	0.12527894789948377	0.4137045114351861	0.2583466410713967	0.23629644966973823	0.0	0.09944100090534495	0.14029970253064705	0.360159137096072	0.2619327087450609	0.2002353203886132	0.10938559577534797	0.10959887047545068	0.3496981818107686	0.18992967976606165	0.26849349662442207	0.3985961742869364	0.23879029829180398	0.39113147331884324	0.24266789968247304	0.2399214251962465	0.1021708345080796	0.08621729287762832	0.0975930926523629	0.08636376773419388	0.2703617827302862	0.24739728042784492	0.2155176172793491	0.275226612442621	0.27442449819231285	0.2523371260581167	0.2984848303457001	0.2104476457234829	0.316799877899939	0.35702118890235046	0.22900582199675884	0.3075538755165596	0.3007265797302977	0.33027705910922156	0.12472982390049082	0.10583859401804657	0.12931052760851405	0.29839724082993696	0.3195021796102719	0.20191637276879965	0.3105181196539498	0.3198971913500983	0.2957085780813598	0.30992371693198717	0.2892225033332499	0.2657134617616877	0.3102369274923601	0.25750568693955816	0.09782911909822138	0.09969537085835178	0.25891095059467245	0.17562576398156926	0.1418748040465482	0.27875054119678416	0.2136766033624347	0.2670139723906033	0.31004899264551683	0.3078415236397044	0.32029590692425736	0.31317024563102497	0.33154449754103754	0.27127840382278734
K3_KM78_I_D	0.1392444056692675	0.14435225217603537	0.28217185980258086	0.23778524078605393	0.2813257230177848	0.15232046297562077	0.10956280665199324	0.07291672193027995	0.13421606379130496	0.09342684124854062	0.16423845340301607	0.10507761168490731	0.38944321029999185	0.21105318612724644	0.26718877476239555	0.09944100090534495	0.0	0.08387287303429103	0.30877326626888435	0.23183617675964152	0.24307290634448958	0.13679647155144445	0.09590548269579835	0.2996993565037622	0.16458001111607348	0.236306920519994	0.3608876969802227	0.20698843512202797	0.4207919231151161	0.25929840272213805	0.2761992079794429	0.10634631281584749	0.07011986507219627	0.10572878794345925	0.07367064624355193	0.21987830958251073	0.2165551957356102	0.16783884055314652	0.22101437356735315	0.22078718841042588	0.2026061656752623	0.24621422948965063	0.1638538501938953	0.2642079542340548	0.3293173525251317	0.17569787740849813	0.25661211753946184	0.2522887493918207	0.2861194531328884	0.13172131813772764	0.07871381174460619	0.14614346421811367	0.24801480951324165	0.2705469067799645	0.15258346653586013	0.25985683242900226	0.26519936571097086	0.24958890063928363	0.27897351473026927	0.2654256544932185	0.21259048393666394	0.2650539288911238	0.23702809360451738	0.10302461519492212	0.08601476630222216	0.21078527393102256	0.135557501886005	0.08574802512445845	0.2180597350373208	0.1713524681700878	0.21657017770931972	0.25501341197468386	0.261343444094866	0.27998169586691024	0.28909948233759397	0.2802873246539821	0.23058105808719903
K3_KM78_IV_D	0.1401365680570914	0.15071145442626765	0.28683339965527344	0.21958032253277127	0.24247623010604716	0.13033492322613405	0.1061754334340479	0.05141916402316065	0.13689205612462163	0.11107383764473	0.17189715021878552	0.08723011425746625	0.36956358355385577	0.16685954105830952	0.27781192795908966	0.14029970253064705	0.08387287303429103	0.0	0.2695555314447454	0.1788072463651751	0.24977068174135458	0.12939874938706034	0.09102691489017234	0.2751430900848399	0.1572256805349349	0.18849760092046258	0.3329259447676629	0.22102605244303997	0.4225191279701149	0.255658388128483	0.2760281079526042	0.114522823579738	0.08555507274484707	0.11724279565044088	0.09460064928533707	0.17756249195035018	0.2057494060134988	0.12520053808378526	0.18007278294244225	0.18553991227786573	0.1998568406073624	0.22404886689741962	0.14910674574962363	0.22323331134117946	0.30715921043166156	0.1325147399871727	0.22260588788054067	0.23315943696420455	0.24112285157626728	0.14154368991861388	0.08569219383837477	0.1452443772695063	0.19791433261456343	0.21961316685080906	0.10110315045773369	0.21892494402020818	0.22225404448810043	0.2503572798070487	0.2781791621194184	0.26223358578658174	0.17201055439119475	0.21207074584768038	0.21373965079188886	0.11270853162112697	0.10087302894731204	0.16175881081817836	0.12609223298251676	0.05226570971883033	0.19661168331903967	0.14424871988194707	0.22790602887008074	0.2179916229832669	0.2789778286984444	0.26343929470997085	0.2689857640394862	0.23738320269945237	0.23819347709747565
K30_SF95_I_D	0.37352479603895794	0.37840537663767326	0.5294191641932869	0.40751594805842895	0.17752658866912352	0.2036243412288776	0.3472618405982689	0.2728915256876393	0.3745442873655056	0.3439007369965259	0.4000961772181948	0.3150612633149983	0.3557569462243908	0.20293194976333656	0.5139568914326336	0.360159137096072	0.30877326626888435	0.2695555314447454	0.0	0.3475193033457322	0.4799041515267627	0.3738774365568138	0.3311161711673316	0.49063423390137195	0.3632768000240462	0.2965607476731575	0.4324496753419098	0.2734261608874802	0.6638484078233915	0.502933936108799	0.5188030241455994	0.34761461882711747	0.3018543029211008	0.34205764708446507	0.3006657398705747	0.10764205965008286	0.23601635738930524	0.2387649158962653	0.22673633523356193	0.23667788320021324	0.2517077961429816	0.22773234837021503	0.24182474262099804	0.13459679804015756	0.34471941897397934	0.174836923139838	0.2616978687866274	0.22359880366277782	0.3284591796793882	0.3824635132063313	0.32155294988069816	0.39332424630663	0.29820387533334647	0.35768945334713353	0.26150593575572056	0.12110940098188494	0.12477358586072226	0.26646761934778246	0.38766920589079457	0.3716549673636165	0.24813916444678508	0.1983480141988321	0.33477978937539943	0.339266419132738	0.32307472567083445	0.21662389507456858	0.3018500228865443	0.2676386389752792	0.24120992641968209	0.2336575680212338	0.2937365237443944	0.23971969124555265	0.28381851650680257	0.08004163616123239	0.19222426512882929	0.0789808339879732	0.275562289860399
K32_KS89_I_D	0.2595268120012316	0.26814740304613643	0.35672019712129777	0.261601208381972	0.3042638156185974	0.21037418685259907	0.24197672467496628	0.19143059019620914	0.25293090696233056	0.2545023651010895	0.2781283615920856	0.19827894005824065	0.31845866673180717	0.23962682611854302	0.34972535995538856	0.2619327087450609	0.23183617675964152	0.1788072463651751	0.3475193033457322	0.0	0.3023732866443958	0.25779754305171265	0.21951714758729982	0.3389726092230727	0.20855120954381592	0.24331181710668554	0.3295166893909037	0.29793517245387396	0.501357048818531	0.34267006820256296	0.35393359335288543	0.2379448096908267	0.22264692244512635	0.2532895222751145	0.22846638047473686	0.25398200322133624	0.2908623018511697	0.20542034265348857	0.26058951320612317	0.266893699337053	0.29370795216167744	0.30208687622471975	0.24569253206282363	0.30548528071756137	0.40313296322104736	0.21415468599905935	0.31719416458297234	0.3102721849578302	0.2894496966529554	0.2625240205968248	0.22755271882590192	0.2728269481120241	0.22032131482069645	0.2413771896028887	0.2065656778791308	0.29038507870604646	0.3013179403777001	0.34511161956114156	0.33767466261081514	0.3233094365671427	0.274630397925475	0.2804561413513928	0.2768188840174875	0.24596636672428446	0.23758496728746792	0.24374672850470394	0.2329129972738413	0.18755026794259866	0.2887488235734907	0.2263903173177918	0.322593302614978	0.3121764708053958	0.37483095442935493	0.3403382778042877	0.3301276290967029	0.3142154890636712	0.33386478898649125
K34_BI96_I_D	0.19905462795409293	0.20777930328733613	0.1988649785064758	0.2776531640561644	0.4331202026031683	0.34036719070747345	0.19180691982525389	0.24037765743434616	0.19860008751105837	0.2052218053423724	0.21113299109742034	0.22003999164054827	0.4815891007123733	0.37533044129312104	0.18245795540166473	0.2002353203886132	0.24307290634448958	0.24977068174135458	0.4799041515267627	0.3023732866443958	0.0	0.19041368881693005	0.2066338575835536	0.3464612688257421	0.2700330725548476	0.3548159286199354	0.40969160610599353	0.4025291118610385	0.3677213021205225	0.22468688063541103	0.20569714439891063	0.19155827117253507	0.1981588607323685	0.20353994392312677	0.20085495473964893	0.3850518418012303	0.4022318059265515	0.33675990956676416	0.39365533750984316	0.3988956985512338	0.40501178584963754	0.43242482094106804	0.35968947249849004	0.43794214504543405	0.4678284590169956	0.35001486240648394	0.42722603080846355	0.4385611237331781	0.3919852452774947	0.2097942697337856	0.20752236750713254	0.2055782522589504	0.3528901744253877	0.3368830122393724	0.31084092622851517	0.43071960998463343	0.4363468364065702	0.44717310299201296	0.3478990333634662	0.34420798297028427	0.3823606851643656	0.4139932711808294	0.34612351217777404	0.20158377281989714	0.20648492406679633	0.3748760782705796	0.3009509215365749	0.25700535483345016	0.4029607234697823	0.34353515810157786	0.39736284630195084	0.43175524837110013	0.44481363334570034	0.4734427619874527	0.4706954289141842	0.4499166404914112	0.42953603254508105
K34_BI96_IV_D	0.061593922767782514	0.06979265676772986	0.23127193640568067	0.2329146109212827	0.329573748848516	0.23731086797579157	0.06783738720165108	0.132156191458878	0.07966538788928677	0.0841344637473047	0.07457661989984302	0.12146156459651808	0.45697737117559145	0.26731843617926515	0.21291002944734067	0.10938559577534797	0.13679647155144445	0.12939874938706034	0.3738774365568138	0.25779754305171265	0.19041368881693005	0.0	0.09348549859863456	0.3382962239226873	0.19988941297843574	0.27327039075127657	0.41030406133048214	0.30396007085038995	0.36413947616971065	0.2151676595595154	0.17217281323535927	0.08593824440573464	0.09250720270078777	0.058120133744413355	0.0886393649121769	0.27848310873705456	0.299846745029081	0.22985097638631927	0.2848691289497051	0.29273679363354127	0.3029391713457693	0.32974636792478756	0.255508229873388	0.33200361301253206	0.35883286764975086	0.2409939988902136	0.3184697361623535	0.34024863337530237	0.3226911091492216	0.08420845487327704	0.09326189626866045	0.06811425825497297	0.28946771995521303	0.3067590627160759	0.20191957388467854	0.3231820729473692	0.3275311132331389	0.3458682554295499	0.3081247058505373	0.28009356680122877	0.27305249758553074	0.30733354043729	0.2718453330162131	0.06643569326561471	0.07837741136013468	0.2662247859063475	0.1950811098496752	0.14487491900630167	0.296157792092094	0.23677536445204878	0.2961059216665549	0.3255937104313986	0.34126340192692506	0.369538596156384	0.3737564055924938	0.3420847129903879	0.33059066847242996
K39_DS96_I_D	0.0857885701678333	0.11756925499565168	0.2531334232077485	0.2334141582761298	0.2868255636210916	0.18830365014468659	0.07985115185608502	0.09007915929994188	0.10597281356376832	0.09156872550089898	0.13490310011133497	0.0794667910338439	0.4104201899563125	0.22575280842736478	0.2405797892798478	0.10959887047545068	0.09590548269579835	0.09102691489017234	0.3311161711673316	0.21951714758729982	0.2066338575835536	0.09348549859863456	0.0	0.29952779869657753	0.16186742846816712	0.23173354784485947	0.362224554981439	0.26761845237367526	0.38367547921120526	0.22030030718794957	0.2389425788025492	0.08157529967028568	0.06394744681348952	0.09241511118926356	0.07257365435588586	0.23702361094545926	0.2537661272868745	0.16466649586181908	0.24461382780050972	0.24834624900870586	0.2524560998985747	0.28292326923310535	0.2068257045004183	0.28765380621365233	0.3393404463376127	0.19805197611501169	0.277846281563916	0.2924015185036535	0.28458467593121617	0.11608847473003503	0.06967775697743454	0.11139991773438662	0.24333035022116273	0.26684497376033245	0.15857684999697214	0.28124228114294214	0.286617980026253	0.29462626746968545	0.2786109377445291	0.2561930459543879	0.23220465365924345	0.266056765777101	0.23050042986474795	0.0891384230320047	0.07973898303501323	0.22580180124708807	0.15307085438885348	0.104475687452982	0.25647079003762996	0.19428864530746204	0.26230834490422583	0.28066943262262056	0.30505742438089506	0.3222239912688672	0.3227724774405059	0.29869695510630956	0.2821539750585147
K4_RR79_I_D	0.34455846564440307	0.34209428970234956	0.36970592520620565	0.3598194244195677	0.4497770482503147	0.3526591152326969	0.3262494939532069	0.2732520238014775	0.3241264634964012	0.3256791461241628	0.36451491928131	0.2968629747171695	0.5018026217368108	0.38663917807183845	0.356548819961039	0.3496981818107686	0.2996993565037622	0.2751430900848399	0.49063423390137195	0.3389726092230727	0.3464612688257421	0.3382962239226873	0.29952779869657753	0.0	0.3069423901840532	0.3735716301408054	0.4195647033958716	0.4321604584029097	0.4669951140137998	0.3363455590890175	0.37567886982510723	0.31466310855258744	0.29705624356620974	0.33791612315603897	0.3110849902272308	0.39659518717118725	0.4205155747076165	0.3430157221102254	0.39790894300450114	0.40230626615354065	0.41645518400064907	0.4429834643482097	0.3618746042321142	0.44435254011573766	0.501982156566975	0.35731393062577754	0.4344958645374198	0.44812181315718436	0.40458564100161604	0.3363928780335976	0.2965481413879852	0.3433805625452359	0.3384317260584464	0.2931842291285146	0.3126777904804507	0.43968234138194606	0.4453553697221439	0.45814181514653907	0.40011136257721913	0.410749482872124	0.39151052025476785	0.42373204924587665	0.3666700904548229	0.32640509676828067	0.31802703657195486	0.383819314078592	0.3109769898306916	0.29645659602234536	0.4121271181118318	0.35888924740687445	0.42044250423103646	0.4392750025036921	0.4736531305668361	0.48518381802293187	0.4832091693605717	0.45928464678881087	0.4438765722094357
K40_WV86_IV_D	0.21387127215984328	0.22771357387840743	0.2992688292840464	0.21002758896459484	0.2913444856968114	0.20854394759746694	0.1926886212968006	0.17358961583039306	0.20129557484986693	0.19448870918674993	0.23653621594278132	0.18077561383285054	0.358588921518267	0.2602831345491186	0.2850327175099159	0.18992967976606165	0.16458001111607348	0.1572256805349349	0.3632768000240462	0.20855120954381592	0.2700330725548476	0.19988941297843574	0.16186742846816712	0.3069423901840532	0.0	0.2006201407400973	0.33296532913253407	0.2546944996613466	0.45519310011050407	0.2780157689544183	0.2970760616901357	0.18762851662706903	0.1802224736466524	0.20535681907923767	0.19101888571448153	0.272419001805119	0.2523046233990959	0.1883992633052352	0.2763595721056916	0.2783747112691677	0.2541282593084409	0.30467634281924616	0.21254959197868573	0.3165945577735216	0.36934777014172043	0.22681968708408512	0.3084020280843497	0.30304454564026034	0.2825945497366318	0.20758926047759368	0.177525604209893	0.20243420174617624	0.2401268386219696	0.25881660268347906	0.19060223476099014	0.311043069268028	0.3200124905087436	0.2836182733656444	0.2983827028596725	0.28867315176776853	0.27189976083831585	0.29642443081921144	0.21272628638323415	0.2039768671671987	0.1941430665942125	0.25890860205561766	0.1591480507080108	0.17394587643371298	0.2793365810278174	0.21566274317316092	0.28162940739488174	0.30371233384679025	0.3054921336871006	0.33612367057803344	0.3143966316822894	0.3337237350583293	0.2704780596642729
