	11_GT_1	11_GT_2	11_GT_4	11_GT_5	11_GT_6	17_BH_1	17_BH_2	17_BH_3	17_BH_4	17_BH_5	17_BH_6	18_SJ_1	18_SJ_2	18_SJ_3	18_SJ_4	18_SJ_5	2_ZM_1	2_ZM_2	2_ZM_3	2_ZM_4	2_ZM_5	2_ZM_6	30_KM_2	30_KM_3	30_KM_4	30_KM_5	30_KM_6	35_AJ_1	35_AJ_2	35_AJ_3	36_KJ_1	36_KJ_2	36_KJ_3	36_KJ_4	36_KJ_5	36_KJ_6	37_SJ_1	37_SJ_2	37_SJ_3	37_SJ_4	37_SJ_5	37_SJ_6	43_BR_1	43_BR_2	43_BR_3	58_NJ_1	58_NJ_2	58_NJ_3	58_NJ_4	58_NJ_5	58_NJ_6	8_LV_1	8_LV_2	8_LV_3	8_LV_4	8_LV_5	8_LV_6	K10_1	K10_4	K11_1	K12_M78_1	K13_1	k14_1	K15_1	K15_4	K16_Z75_1	K17_1	K18_Z93_1	K19_1	K2_1	K2_4	K20_1	K21_1	K22_1	K23_1	K24_1	K25_1	K27_1	K3_M78_1	K30_M95_1	K31_1	K31_4	K32_1	K33_M78_1	K34_Z96_1	K35_M99_1	K36_1	K37_Z82_1	K38_1	K39_1	K4_Z79_1	K40_1	K41_1	K42_Z92_1	K43_1	K5_Z92_1	K6_M84_1	K7_Z80_1	K8_Z79_1	K9_1
11_GT_1	0.0	0.37701704663176233	0.2726845139071995	0.37805859134311054	0.4935968983712059	0.5595367728291925	0.5945805113911857	0.45537905522935124	0.579504494918626	0.5501060775686993	0.5680945298300737	0.58681231303553	0.6544695112515497	0.5762540464422833	0.5787226666008891	0.5471630678351452	0.5880923640510052	0.3606324659289818	0.6962362114749328	0.6207689953780916	0.6181554471073428	0.5633168788235157	0.6816667767574904	0.6116663238701999	0.577531081804863	0.6109497220721665	0.620364215541538	0.5095086256008092	0.4918056126525522	0.24871142911877997	0.609497622388256	0.533800157656172	0.5216897539405474	0.5141931689456212	0.45410436248854585	0.6344590451288974	0.6314778247501589	0.5715783904003897	0.6477389056516628	0.5807021870164933	0.5231713619313767	0.5703474910332594	0.6989981393186343	0.6341598101707402	0.5845253681441726	0.49833513044690686	0.5080833540348026	0.6071803406787718	0.6643956677538061	0.6715274499208943	0.5778134451671836	0.4623698375259445	0.6421654132871688	0.5205889934422253	0.6331810553358697	0.4188887100828148	0.5785160695207655	0.49471899727044766	0.5598433462399027	0.647463257408696	0.5310826377124332	0.5276853559971212	0.5755147918874748	0.6074953852702595	0.6209176117028424	0.574341658351647	0.6182155368755692	0.5196659236165139	0.5598228750893827	0.8038560148433224	0.6920099313049138	0.5018492228716261	0.6526530998761046	0.5863723144877976	0.6574151871372259	0.6954284985094431	0.5581751039153676	0.5227095296568847	0.5713668129624829	0.7421086380996784	0.602322698343887	0.6267221147382167	0.5626118398871179	0.531330915690718	0.5037337387883088	0.6135906872449683	0.577501759467919	0.5062394672124422	0.5475999696594099	0.608920434759926	0.5502879905716012	0.5203436579933614	0.5111085252569422	0.5239292722084251	0.532707980416277	0.6235469258470234	0.5181322376879504	0.6439130847521709	0.5419541985531628	0.5193741581928444
11_GT_2	0.37701704663176233	0.0	0.34033882751163413	0.2657888891078854	0.4691616912039994	0.6025130951715614	0.6375187460695477	0.5989875903371926	0.6175440870748184	0.6145043382099935	0.646738036172064	0.6565006651200594	0.7142650166073854	0.6238388857695549	0.6500048013045161	0.5806060767102335	0.6637042481281722	0.3829801895922997	0.7658690746652056	0.6882786884740131	0.6841940609275732	0.642319285339517	0.7164664354590561	0.647492706639117	0.5952205520851773	0.6513673234026275	0.6590079255336656	0.5564307039019067	0.5585919188615357	0.36702626854731885	0.6791753039068193	0.5933666165053757	0.5741424265958925	0.5583327129735802	0.46286340019474825	0.6776182321365034	0.7019690918279513	0.6132533508189653	0.6874309422786368	0.6171415397990857	0.6254424148598705	0.6348337216153407	0.7417757581879633	0.6789002713996006	0.6620677049679793	0.5139854146178268	0.5610101515997767	0.685260858348285	0.7128704709669379	0.7151081947144132	0.6163080584209595	0.37627952869650516	0.7066022620286034	0.521920524581821	0.6659233192668708	0.3726232691281572	0.5250084521866887	0.5403095328454754	0.6065892747499492	0.6922817636344722	0.5752230801672987	0.5633201244296526	0.61731872754	0.6570095150046602	0.6630666684980683	0.5931497614084458	0.6585455314169786	0.5506000156606388	0.5995566751485922	0.8508441130543859	0.7373629427618231	0.5449585523258897	0.6924113687328902	0.6289578030891484	0.70899953365473	0.7438004456988182	0.6181321965375446	0.5587969247158292	0.6166568146764186	0.7461309904503957	0.6408674201203495	0.6729727237736659	0.6033919653603839	0.5757554361099539	0.533369343689425	0.6593048207981804	0.6225674386603047	0.5351459336387387	0.5826836907317476	0.6580186538294406	0.5925280470152176	0.545609025968254	0.5349497684604829	0.5607139688548375	0.575407654072313	0.6665797027970032	0.5523082637214262	0.6868283293822344	0.5912667751581157	0.4968644253437938
11_GT_4	0.2726845139071995	0.34033882751163413	0.0	0.2915040059829689	0.4451364997754439	0.5535941865563428	0.5843070222261839	0.5040348842599596	0.5965609637739338	0.5092968508706757	0.5635313069603703	0.5564479109304648	0.6345021600525949	0.5623023307727975	0.5583601309300614	0.5642955499016418	0.5590209448846203	0.3562169307020815	0.6618915680120563	0.5980452556475074	0.6208080626432507	0.5192677270811711	0.6678923547461538	0.6035219052859191	0.589739871012611	0.6163808477216663	0.6266687609973249	0.5364620308104938	0.5345591210771863	0.24311342352041523	0.5889818365252325	0.46942083862785516	0.4618745423874271	0.4671294338795883	0.3742588736010795	0.6375281762882619	0.6284651617584888	0.5643258449829788	0.649133595272738	0.5896179354224728	0.5343948715149973	0.5844874082455547	0.6886700691379227	0.6270624300708356	0.590758917096017	0.4609026011870766	0.46102215744199687	0.5872459864451783	0.6413815060380665	0.6513411477509461	0.5790198204973381	0.36602112551379984	0.6377083808024848	0.488524838075819	0.5892883941317933	0.3867881047797236	0.6027876394953556	0.5103204173573592	0.5623757813668109	0.6693932527533076	0.5323454709478217	0.5133806337578601	0.5507907769575956	0.6069282660990103	0.6212240261003322	0.5890552160727147	0.6020856324365527	0.509413670629079	0.5587382062876454	0.8097948382079833	0.7030656469834629	0.5039135130654676	0.6636783129588809	0.6062590393050942	0.67547968750467	0.6905044701050435	0.5678674747516993	0.5415042930452594	0.5633947475820105	0.7646625222428305	0.6104095259759101	0.6430155171783547	0.551584830396017	0.54121543864234	0.5251855444187856	0.6120411827695229	0.5869393622747915	0.5264189599687012	0.5415479721288076	0.6046395563706606	0.5311810741831089	0.5364358116924443	0.5157250309728567	0.5414533683508601	0.5439838551813502	0.6367743577564059	0.5291599856777022	0.6458432545971596	0.5520300502526105	0.5411262909948553
11_GT_5	0.37805859134311054	0.2657888891078854	0.2915040059829689	0.0	0.32851966223703183	0.5446299362651507	0.5832567709587997	0.5732324444176387	0.5532072408826392	0.5762923138111749	0.6253578993894375	0.556422300362361	0.6268698715712737	0.5486551650794277	0.5343569190111473	0.5208792280329981	0.5448322166660116	0.34379169613239663	0.6473679138635571	0.5927551341655156	0.5899490432584329	0.5306262851919149	0.6530819881356559	0.5847400482166414	0.5289999204200907	0.5908637934999421	0.6005569171821118	0.49375224994493494	0.5013168070347851	0.32203577396492133	0.6150978279913929	0.5282773635251768	0.5236173223228858	0.5106751102018209	0.42858235030733166	0.6275739939660746	0.6197982887659781	0.5541438042874736	0.6132612331335668	0.5781791624604992	0.5939341724859748	0.5656108369164898	0.6777999391566529	0.6151715884554749	0.5867265037303339	0.45670425513293605	0.4602823145038941	0.5880959610379958	0.6311898643140538	0.6376435952247974	0.5454793112076448	0.36247137101192695	0.6197665264923425	0.49060020773557184	0.6188955851944017	0.4547110745475319	0.5106300005877845	0.4632965921382245	0.5307463042075545	0.6438844637966704	0.507242884386878	0.44839376858475527	0.5084901964289406	0.5560972858137369	0.5949515306004735	0.5191642717253753	0.5883645794006409	0.4808130685539895	0.5167049633874025	0.7878066717159025	0.675027331300585	0.4677905866140918	0.624605873530186	0.5695423997800133	0.6428570114575614	0.6768414003227718	0.5673481357068769	0.4915012881158213	0.5652082376563934	0.6813262743169475	0.5801319263159376	0.6166746239808613	0.5405745591146167	0.5144155839930179	0.472003313732315	0.5946605471718241	0.5603689459603358	0.4755002494033401	0.5071489037093235	0.5740734482628648	0.5181706791655343	0.48648788092143874	0.43525920834666615	0.5062476037139677	0.5221067790333902	0.6124704735334947	0.4771618364386717	0.6174119068773921	0.5358416112686202	0.42794106361082834
11_GT_6	0.4935968983712059	0.4691616912039994	0.4451364997754439	0.32851966223703183	0.0	0.38264238183320315	0.3739235043636264	0.38170599687723916	0.322960303854012	0.3838423910537072	0.39472369235391747	0.3268202267362544	0.391784082798692	0.3339049537559968	0.31435546951251403	0.3801278536285297	0.31602113149587197	0.47703724671901915	0.43244926056808974	0.3439722376094496	0.35132077466932643	0.2624484264849234	0.417068438171224	0.3487550597324264	0.3184191407278454	0.3861965406395043	0.3690511328871784	0.33908192081214567	0.33221230175906347	0.43217813578359726	0.3868916796971548	0.34104233324902483	0.3225646298117252	0.3141350513974812	0.3525633881440825	0.37330979696204103	0.37640110643952274	0.3197561968880278	0.3733727786309367	0.3159760552571081	0.3335403427102529	0.30904492789939314	0.4267651442443176	0.3658975777968705	0.3556498995552183	0.5942499973618711	0.33497885096222707	0.36975902043069336	0.39918988651504633	0.39767785217596185	0.3051193302864728	0.36693564049886096	0.4134766289123835	0.3541125176581156	0.43958752185973093	0.3637139924275045	0.3458625735662559	0.42901230752198727	0.4033261863306634	0.4020614971564719	0.4376883729751616	0.38417882999053127	0.35474204524636704	0.34039310566601716	0.3753518584875925	0.37062010143691076	0.43742429728536736	0.4980941496097713	0.36060238438218023	0.5612968831979077	0.4412964416408886	0.4705861633145419	0.40240385373602316	0.3936427006356201	0.41341005076103543	0.4474259005116324	0.3250794336733617	0.38911369052990546	0.35454935843742486	0.4567942333579018	0.34233711552950513	0.3799430494742876	0.43074054859723554	0.43234878160330736	0.43210518148450217	0.40592720520920283	0.3731944777397259	0.43177814204494397	0.3863535918574548	0.38058470385844084	0.4290980166260692	0.37556075494548385	0.35689863508439257	0.3363891198559391	0.3751701148698666	0.3714655989838556	0.3660293748054809	0.41347727857990135	0.38408658199428913	0.38673363342196826
17_BH_1	0.5595367728291925	0.6025130951715614	0.5535941865563428	0.5446299362651507	0.38264238183320315	0.0	0.20359271559872447	0.2029856038737158	0.2825804820204375	0.34614572148206446	0.23443795995611846	0.31182700427550913	0.3623832469309156	0.2643485285774426	0.2978685447407834	0.30843705683925554	0.3566091003825706	0.5079050195847417	0.5058452025914469	0.3949664151188841	0.4347609382847817	0.35822561397778396	0.3016454339966208	0.27362207303217545	0.2880884832879796	0.2922872089677543	0.3023841875806505	0.25602775247671494	0.24874729560369466	0.5287626915759941	0.39976860228217725	0.3955856781806089	0.3856720071256614	0.38191365885811257	0.3977690777245322	0.2966027925285504	0.38122912900525696	0.3126117835158889	0.38875207915284743	0.3573305979633377	0.40211337933850566	0.3735376919437365	0.3529808759133439	0.28046328783696206	0.3188335754959823	0.5330500508591722	0.29483471231003877	0.3402603194317968	0.34004728454529715	0.3430053814789557	0.29710494203325427	0.463750924194422	0.5113369011056215	0.42995943929351954	0.5215500215744561	0.42178109889781895	0.4564522251720672	0.3293472970384462	0.30380953004375977	0.384294619190532	0.27166650720121377	0.35793659699131436	0.2913665523314978	0.37988605737750064	0.3372985521318135	0.32354417069194535	0.2642550751119685	0.3893457311112444	0.348493554657323	0.49715202484042664	0.38811036702383517	0.41685495007102363	0.3621536140816267	0.31569544938717103	0.35882706368786066	0.40072217440632757	0.2696247608147392	0.3040885503057227	0.2646978995540592	0.4810626314797672	0.2676268664069214	0.3135124688867229	0.29374221229497244	0.329673174212441	0.3026027832342421	0.3203283281460159	0.2578410235048341	0.3582182972467956	0.2778435009395378	0.3887772183190592	0.2885078845516609	0.28046311884782194	0.34056085121145896	0.24658173414633688	0.2531246071752346	0.34473046903264376	0.30889284775671133	0.3552504714348651	0.2778858386581126	0.299638674789969
17_BH_2	0.5945805113911857	0.6375187460695477	0.5843070222261839	0.5832567709587997	0.3739235043636264	0.20359271559872447	0.0	0.23845860274307623	0.28422533057366056	0.33941628343241803	0.2684565041227878	0.3059494472684784	0.3458612333984637	0.2856005457749229	0.3052598678267668	0.28696014962486377	0.35292567607209985	0.5574146735468427	0.48262894464550776	0.3518162688163628	0.40584791710209445	0.33736121173615047	0.38181737967813967	0.2510717181723042	0.270736112711925	0.21276436414085906	0.21440799569966754	0.2799662614902071	0.2786792656455365	0.5616697540604056	0.3226159501619975	0.3029736121989183	0.30463618702345147	0.3174938565737811	0.38470654135241417	0.3012749817676401	0.3667780299427183	0.3044231733233743	0.3919831246819545	0.333114334751616	0.39124980454090386	0.3602610483554505	0.28872917798088577	0.2559396708901711	0.22855780645265286	0.5590742985713735	0.28475084275649426	0.27367065299465215	0.2369262281566309	0.25305125934791933	0.2431488020772619	0.49396822435948695	0.41681070425796923	0.3831453176297387	0.4612596881927861	0.43495602450723164	0.44368502029658363	0.37006374593331337	0.3385027844327989	0.3660347484344285	0.37667146676998503	0.3976947198033816	0.31256914663974544	0.3610927206971623	0.3268283652489455	0.3406520301735605	0.2760576510739267	0.4170464921423487	0.3722343874550272	0.47097032771367947	0.3373594567676626	0.36471499655709144	0.3290474230795703	0.28398268977436086	0.3514843117258258	0.3148928592047889	0.25077705142405904	0.31389951720021864	0.26784432336126585	0.4748706313664802	0.23033934317672758	0.2913979869319761	0.31576526335623356	0.34219559986075093	0.390157410726484	0.33547286097309637	0.29510979593384296	0.30157147788244276	0.34375569487959745	0.3728825579551744	0.3343658848205188	0.2934316709911098	0.38616163538335985	0.2804909948975061	0.298487812719727	0.3110704285076661	0.3473227851699445	0.2820612979384167	0.2975165357904459	0.35801410028737674
17_BH_3	0.45537905522935124	0.5989875903371926	0.5040348842599596	0.5732324444176387	0.38170599687723916	0.2029856038737158	0.23845860274307623	0.0	0.30883598460649025	0.31397692000420224	0.16972701954615	0.30821580641946905	0.3513394260638193	0.3039548169170871	0.32844180056788574	0.34709224727368876	0.363987991887699	0.5376806946156568	0.47924494189113037	0.37284669284284433	0.44409604429089405	0.34878380984153884	0.42900460814170654	0.34809837571816704	0.37157353026810064	0.3387364789241645	0.34526964872152877	0.29507050031722065	0.28209972989576654	0.4950612542694467	0.38389468598126847	0.38724954791883914	0.3772716935414835	0.3798799274689615	0.43239988237658405	0.3227290604762466	0.41325654224362435	0.35204258566580865	0.4089095154195296	0.35852415838252233	0.3337523113332314	0.3801863147670238	0.3540006820400151	0.3188510211929647	0.29623687989025826	0.5448007428690553	0.3404164071383788	0.3876804573956983	0.3478287008904381	0.3658532055061574	0.35210389093011574	0.5181814599658638	0.5175641842477997	0.4654755885080721	0.5469095160839246	0.430230391725076	0.4573626853162317	0.4314931097629955	0.36318057805271975	0.38046112050162195	0.39910670318381936	0.4238286112695856	0.35673942288724036	0.4147764492376813	0.38018693397234055	0.36657352416062755	0.3972559948595496	0.4907060744709543	0.3956117482212542	0.5067633200407978	0.4321588368816573	0.48057332459041097	0.3818254890228445	0.3449548499591641	0.3857779168449325	0.4211167508844003	0.29677037271764867	0.36332221883184007	0.2916357481476829	0.4954159857155168	0.3057213298385608	0.3187897191194389	0.34244739859855455	0.3695999828385096	0.4272755384640961	0.3425312771402475	0.32368864431858935	0.41697331518376185	0.36679894951786723	0.43380359030963017	0.36787286423504245	0.38663054473541786	0.42185753131034653	0.29209421391569623	0.31173817238720114	0.36897312835031576	0.36185366200147556	0.37940282803152847	0.3059886035300497	0.40696385400992946
17_BH_4	0.579504494918626	0.6175440870748184	0.5965609637739338	0.5532072408826392	0.322960303854012	0.2825804820204375	0.28422533057366056	0.30883598460649025	0.0	0.32995382266409623	0.31584273164984605	0.2376585293348181	0.28946870196418967	0.1664970862372061	0.24192655486391898	0.21717870685856683	0.24679068382446115	0.4662158551682587	0.42399664622921446	0.2916955221705872	0.34892023878428063	0.32389399189732393	0.2667729643497496	0.15244918133070695	0.1820878687056596	0.1886423631900919	0.1586002516522229	0.14808110777261882	0.15598605959015593	0.5515303620048654	0.34270546548903325	0.3349459890510234	0.3189603892058266	0.30393599485812495	0.39129535383915937	0.16635658261307928	0.27544943216032375	0.2014110714014012	0.2360274253428689	0.1914580585822787	0.2774149155983073	0.22140048564931536	0.29104346095827927	0.19687975573359967	0.2877759955232177	0.5652469621327274	0.32171268638293216	0.3413204156182143	0.311286096851613	0.3227367955683019	0.2518901868776025	0.4422634447486931	0.4244894203152383	0.3816403906502042	0.45802191358990996	0.4095867768714301	0.40374048356304165	0.2426858815973793	0.19438164028422092	0.2441586019583157	0.26729394882948304	0.25708136274130944	0.21058675047779493	0.22955664062695888	0.1836632455540234	0.19266026051127982	0.2610297284685366	0.3465251962591074	0.2249356696587524	0.3941746804059973	0.258064256122992	0.34883609491453565	0.20051888910962182	0.16602972818614664	0.25422249856976614	0.2744709078517343	0.16521520493777606	0.18338502669108014	0.1798159106697865	0.3691195995784039	0.11687727404437605	0.1568956879957311	0.217087986673446	0.20437693631525483	0.26334484450562634	0.20170739597740098	0.14930384968675361	0.27778874165648704	0.204463559731338	0.2873353772352429	0.2133307615643528	0.21706834669326222	0.24686729032982088	0.14488661910193762	0.13262628799692988	0.1860595048526182	0.1825874635429957	0.21488498741118112	0.17319335212636738	0.25450193257502063
17_BH_5	0.5501060775686993	0.6145043382099935	0.5092968508706757	0.5762923138111749	0.3838423910537072	0.34614572148206446	0.33941628343241803	0.31397692000420224	0.32995382266409623	0.0	0.32727378081495234	0.2714214364840729	0.32302999159691137	0.32887220982100757	0.275584563371803	0.40530471750829855	0.3808153608020841	0.5805612904298377	0.4528529919909137	0.38301094290968535	0.40369956720602884	0.3317335330548973	0.36883852388350635	0.2993708082095414	0.3353782556634163	0.34872317775763884	0.3288318736188704	0.3403917764852313	0.3519703420271551	0.5105947452791342	0.36432054886580195	0.42190410754783086	0.3942242204348391	0.3909221643338795	0.4883559172548307	0.3003434191494974	0.370286185238862	0.3697525270733927	0.3812247047183636	0.3626970922042274	0.3804309240515471	0.38679407444609276	0.3396943229820386	0.2921719182016241	0.28316194490520885	0.4677417131633882	0.2546236563029656	0.2837956853504932	0.30912987788566426	0.3405254441240258	0.2912468092769161	0.5439808216989043	0.4734200065467592	0.48087739856080225	0.5005408326365381	0.4586382969357464	0.40520981231137837	0.44933107868568584	0.39790157005637933	0.3940496441577296	0.42395717259225846	0.4659780424100339	0.3884167245230122	0.4303691373197528	0.3901924132769001	0.40306416598031164	0.40709941334454464	0.49335995196954935	0.43963206644212005	0.4873778503215641	0.38209893063146677	0.5134433816943488	0.3857976968957024	0.38603354475315665	0.3609661820747074	0.3880609320728295	0.32189764413913713	0.4083113831923616	0.3353924178638318	0.4840443317456024	0.2990676484585391	0.28650158854182545	0.3947780606961191	0.4251928884991043	0.438609909758784	0.38910139212986217	0.3580233390171925	0.4689916507218975	0.41426242855345996	0.44292690274389507	0.4049508201598106	0.4108027139907609	0.4550614927633643	0.3497619806439093	0.37963571996543694	0.3732935992245881	0.41153334676092235	0.40471453543643543	0.3780824929462388	0.40932162504560055
17_BH_6	0.5680945298300737	0.646738036172064	0.5635313069603703	0.6253578993894375	0.39472369235391747	0.23443795995611846	0.2684565041227878	0.16972701954615	0.31584273164984605	0.32727378081495234	0.0	0.3201975555294104	0.3713715463533912	0.3182444799088656	0.32411536693979537	0.37889594537493115	0.2780564008730581	0.5695792392469476	0.4095305118458512	0.30571569342384874	0.3622296580457448	0.3245808755492958	0.40057477826994403	0.33814947749534907	0.3574064595744723	0.3173102287237208	0.349648821471184	0.3443341167268273	0.3306321552767756	0.5248770667715886	0.39677415411274286	0.40835844670130755	0.3963507877490017	0.3990373594666241	0.4820632746189018	0.35229818273404356	0.3218434807650279	0.28417593839229033	0.31871800844848375	0.27678215490110214	0.2633063265547033	0.28778435398278923	0.36257572501173074	0.3214739994211894	0.3197015241728957	0.5914249298837226	0.3467786865957256	0.37025804293739695	0.3436214574633455	0.3473133424515664	0.3266509542102539	0.5446487119133904	0.42996681824186866	0.41084019958868734	0.45980764248349787	0.4634694243861907	0.375006443164168	0.46412384311536425	0.4124765846202433	0.309093004031077	0.4503046015925787	0.4165364430684805	0.36272006231456383	0.3216255224360609	0.29013468636348816	0.3727584263771543	0.43510375869139045	0.5327096024218663	0.346810453594894	0.41583146481404537	0.3359519127530274	0.501895214877457	0.3048986931332444	0.3413275763674563	0.29261954384455346	0.33588522996014786	0.3070371838546961	0.40964085138976764	0.3153743743653139	0.4162751503247579	0.30090257310489044	0.3391436502905371	0.3827602162517648	0.4206470324961022	0.47329580203091903	0.3144291211445172	0.35454524237771007	0.46014413375199453	0.37963401461505464	0.34488771810284147	0.40021125709134375	0.4010704208476965	0.4364306007506573	0.330213357134644	0.35975090282363836	0.30885034562650593	0.40274469485288356	0.30943382635718514	0.3557677153807646	0.44386329958760085
18_SJ_1	0.58681231303553	0.6565006651200594	0.5564479109304648	0.556422300362361	0.3268202267362544	0.31182700427550913	0.3059494472684784	0.30821580641946905	0.2376585293348181	0.2714214364840729	0.3201975555294104	0.0	0.14350503778200516	0.16376778523560884	0.11099912929660774	0.30146231949267577	0.23870145232410825	0.5281318633597123	0.33512720586356853	0.255965963150956	0.32095051363841504	0.24443568391358286	0.27866228677018545	0.255109773242591	0.29699819017684503	0.288044609571754	0.27081696228334967	0.28985745429755494	0.2901053337665803	0.5391289012225047	0.2414369988964911	0.3170763334330114	0.29626156565551875	0.2958895823294075	0.405044089910269	0.19119788291835313	0.2630072391456878	0.28936420412361186	0.2698852726455477	0.28102965717965656	0.31632623850075337	0.28714188778150845	0.25115123475245293	0.19012213528768307	0.2221139632740896	0.5881119856174329	0.35403979100164396	0.2989738766193617	0.25696936970369816	0.2676684988061911	0.2657839299265208	0.4853287142766036	0.38976653921460264	0.407819618621257	0.4180120492335931	0.4325954578961364	0.42810517571462253	0.39360214043886166	0.32354113346048813	0.2921241566820916	0.3709526297463599	0.37323870345199694	0.29116288258631057	0.3234483816271417	0.2927727737984761	0.3195079855250884	0.34713033088103196	0.46209111758314436	0.3421687109774887	0.3866768946173857	0.2991612597804734	0.46051498414215364	0.29286524128815083	0.3213183726231345	0.2633198380202355	0.30469268764980056	0.2227701438747776	0.34152628380213385	0.2587742503698212	0.3786375721367962	0.21912771542586995	0.1933395052936085	0.31681994385293094	0.35761742312906747	0.4029941876953115	0.30820599810498284	0.2739969352765295	0.4100987892410241	0.34869845035940034	0.3667538729573403	0.32533254079925583	0.3635379226967929	0.38937132942455854	0.26563242623009076	0.2821532147641884	0.28732818677728167	0.3395942041092668	0.3230365930320836	0.29646154493908294	0.40067056052333055
18_SJ_2	0.6544695112515497	0.7142650166073854	0.6345021600525949	0.6268698715712737	0.391784082798692	0.3623832469309156	0.3458612333984637	0.3513394260638193	0.28946870196418967	0.32302999159691137	0.3713715463533912	0.14350503778200516	0.0	0.1996044861580949	0.1802513615814613	0.3536711122179953	0.3146230103060975	0.6072886036219368	0.34682987315447195	0.324360946963471	0.3822973686527801	0.29276527803072006	0.3238213788769714	0.2966603781084141	0.32572447783222114	0.32928429733301545	0.30679852695810766	0.3600875016476778	0.36736314122970426	0.615390515551538	0.22731565596686704	0.3709588015259485	0.35598686652692724	0.34744051647188867	0.4584958850389752	0.22948583407950796	0.3182519495603763	0.3378965998815425	0.31239034545811134	0.3379996585763154	0.3800288759261106	0.35339205873946	0.1948652570032291	0.22156192976175096	0.2532499663627587	0.6382551772735339	0.40279483866401616	0.2981106055167413	0.2463881893359652	0.24966657731010805	0.30840241908763516	0.549823144676009	0.4366881660405303	0.4801383048576566	0.4421693252043736	0.5045261400634221	0.49943856014514126	0.435347617173776	0.3692823104101827	0.33875291522978396	0.4273702227744068	0.42192877969935194	0.33824597618026847	0.37044224859430314	0.33477186726542785	0.3802760185236621	0.3905457762927497	0.4987391286543873	0.38290475702783205	0.34912649940963697	0.34253857366967266	0.5074719783615717	0.3400547951819215	0.36466079678612523	0.2976743500873363	0.3483023423245152	0.29799476900858674	0.3948647768672572	0.31783790839904674	0.34669648078587395	0.2697945188567014	0.2252898139367353	0.34893640983195295	0.4004794137721915	0.4449199951778535	0.35240776565360776	0.32243601922497384	0.4607452074865097	0.3958451910142335	0.41825686379443894	0.36855746223174174	0.41069989385270533	0.4387761050094168	0.3307992807301122	0.3325737992085429	0.3474604118320878	0.38382697711571506	0.3597713307792013	0.345501856757957	0.46610215915040293
18_SJ_3	0.5762540464422833	0.6238388857695549	0.5623023307727975	0.5486551650794277	0.3339049537559968	0.2643485285774426	0.2856005457749229	0.3039548169170871	0.1664970862372061	0.32887220982100757	0.3182444799088656	0.16376778523560884	0.1996044861580949	0.0	0.1723104422805781	0.2306318498582432	0.2544182976415318	0.48335766081618065	0.4349868932326325	0.31233884053465866	0.3860471318756208	0.32418484463188063	0.2527378813138835	0.19846546333071102	0.2056235049023465	0.2282832863811613	0.21712969312276958	0.23837753404499734	0.24129175025968047	0.5453142069421698	0.3194557674369515	0.3158313519407576	0.3054748186915806	0.2969466484483268	0.38503055648740203	0.19298626763949908	0.2996980407283108	0.21881003792286757	0.2852390049142357	0.2562077997138612	0.30144574371463273	0.2759677617595701	0.306232991404111	0.20927543898518386	0.29022606355537933	0.5693754712393032	0.3092066162421782	0.3378637811158284	0.30210554568640396	0.31402353990281956	0.27687823065736417	0.4690163572312329	0.45305669074525673	0.39691291062096656	0.4795157592009683	0.42367525279467777	0.4266745021676574	0.2943183540080009	0.224322190079403	0.31389428117322393	0.29544088290556814	0.3011293172748726	0.21414292371133406	0.2717253927101103	0.22967923742520988	0.25512694342064246	0.24694507892847872	0.37172442204959094	0.26334046313206305	0.43221240196010424	0.31245605691356254	0.38548202686705096	0.2570330949368392	0.2494491379106917	0.2957076964700439	0.2992941349263564	0.18537201852602725	0.2588389479786427	0.19849732783447555	0.41347359993289345	0.18760007890720234	0.21589561904836707	0.23664788128211536	0.28469590566339587	0.3173430065004252	0.2395128879760669	0.18547638840819847	0.33648774046415936	0.27043287435005875	0.30769815091734404	0.24222921562842428	0.26533052947786095	0.3150908338057302	0.21107807178786228	0.197567870952292	0.260541151529057	0.2576130176365637	0.25870752631164917	0.24061460750074873	0.3318736451593781
18_SJ_4	0.5787226666008891	0.6500048013045161	0.5583601309300614	0.5343569190111473	0.31435546951251403	0.2978685447407834	0.3052598678267668	0.32844180056788574	0.24192655486391898	0.275584563371803	0.32411536693979537	0.11099912929660774	0.1802513615814613	0.1723104422805781	0.0	0.2979851522420923	0.24306560773784794	0.5377774997815712	0.3323843304745961	0.269351274982372	0.31174752001778866	0.24131190739848798	0.28475885401963064	0.24760740658862634	0.28793880147228046	0.279510621675829	0.2630225601846372	0.28603715124521506	0.28905181948493897	0.5223238125501574	0.264402246732098	0.32177234077568423	0.2963427520256328	0.2798720569551446	0.39167758848394485	0.21292140938601123	0.27551306754031396	0.29159863539746506	0.29654817375768155	0.2971091958410513	0.33398175489383836	0.30216971421504213	0.2830480654553405	0.20670932523510108	0.26540170935008145	0.5897635283828353	0.3447664807117394	0.30487028854687054	0.26056727635706345	0.28635625269530657	0.25023597113317675	0.45126853139643724	0.3682635233005863	0.37633303613866453	0.4092273395821704	0.41918813319277837	0.406601269393997	0.37947763368784965	0.31373674234388144	0.31191872181922076	0.35829023129656423	0.37906023035378966	0.2903395403164292	0.32324268656494004	0.30070229206440263	0.31655843669085265	0.3522434651268416	0.4494484885696177	0.3481426232244561	0.4147754984023007	0.3074022455312162	0.46669578675485	0.31135096116123123	0.32727542784222335	0.2724622166659477	0.3282937360374137	0.25559839170206516	0.3408265866216074	0.2794462896073522	0.3868049754394557	0.21786264605099898	0.22781166242651305	0.3308229378581017	0.3764412720909885	0.4008710038805137	0.314945210811483	0.25881399045850506	0.40908370626760715	0.3322103244883173	0.35709978602619774	0.3363127069601909	0.35166534859577225	0.396645319552461	0.268453253467335	0.28793422410840025	0.31415917888411543	0.34791631438737236	0.33626436353614025	0.3248330747068055	0.39756662677161647
18_SJ_5	0.5471630678351452	0.5806060767102335	0.5642955499016418	0.5208792280329981	0.3801278536285297	0.30843705683925554	0.28696014962486377	0.34709224727368876	0.21717870685856683	0.40530471750829855	0.37889594537493115	0.30146231949267577	0.3536711122179953	0.2306318498582432	0.2979851522420923	0.0	0.30713981599239615	0.46837809925255297	0.4520606180152398	0.34231825840093316	0.38639966847468904	0.40109288522900727	0.3551866509813658	0.26368593223737546	0.24095927241919496	0.17042703193325318	0.1885416859683223	0.1880308036031746	0.21266403739722942	0.5010570201904984	0.36070750395419326	0.3270884911816897	0.3210751886684212	0.3048122614883835	0.2966762291151638	0.2744414737318539	0.34434662752574696	0.25781589065556115	0.311892064190785	0.24348251365022214	0.3282433622676985	0.27144080527066755	0.3373295176627048	0.2493006009969631	0.32007794563384667	0.5312343013658869	0.3208875793339024	0.3759379523084336	0.35651453411765366	0.36731405584899846	0.275754099897653	0.40470555726757634	0.4006006147898106	0.30644483942746875	0.42965589053947034	0.35276707411473146	0.4190518227533922	0.25091536923211916	0.2132565693696872	0.3126372103597482	0.2826987304752015	0.24665581835026845	0.24044524620611565	0.25983921132271853	0.24072959603184776	0.19583605667400442	0.2305495887255829	0.32287725064035533	0.2367694872778259	0.44111393332903337	0.2999349030966995	0.28054930023357805	0.26472829545727755	0.17737275212640682	0.31666373535957393	0.2863051730594306	0.2334682470244699	0.18666614063156134	0.2180847313482536	0.41928722056284534	0.2135260131331439	0.2561600959249958	0.19679883736780496	0.2244892752671024	0.24769016127745658	0.23456577487083694	0.21189288781008528	0.1910674775992547	0.19984818424297257	0.28820014044212094	0.22218309980333856	0.1960049053097563	0.22977620447705827	0.178890276402418	0.1668001488434907	0.2500115297883106	0.1938626302698652	0.20901546068819596	0.20547903327329586	0.25573309182309767
2_ZM_1	0.5880923640510052	0.6637042481281722	0.5590209448846203	0.5448322166660116	0.31602113149587197	0.3566091003825706	0.35292567607209985	0.363987991887699	0.24679068382446115	0.3808153608020841	0.2780564008730581	0.23870145232410825	0.3146230103060975	0.2544182976415318	0.24306560773784794	0.30713981599239615	0.0	0.5141604611724568	0.28314002393472215	0.14144689780063	0.21240367258941298	0.24436951795655798	0.3602906574828337	0.2669699832764961	0.3020327858637526	0.2525212621006093	0.27678653947713167	0.2795321936898719	0.2502457244681849	0.5146729074438632	0.32387536942950573	0.31973762272527395	0.2996692790110775	0.29240226820041504	0.38429567000170645	0.281331162713873	0.16766836502101362	0.20316597052969004	0.17878612276707964	0.16460852794939818	0.17069104761371534	0.13048886559195091	0.35435499390262953	0.2740730472194439	0.31828266131030153	0.6118887232054104	0.3788653513651536	0.3947120677879413	0.35616050752744993	0.3639064006291118	0.2974475172417987	0.4420368741677176	0.29083392995642343	0.31057133439887297	0.3181260423238535	0.42583489560966886	0.34185918426784434	0.3793178715270438	0.3375740222945834	0.20906163126472535	0.3964418789943861	0.2961846535376934	0.2622154246780866	0.16787207310573538	0.1800092073509536	0.3078841004290248	0.3932936720225303	0.46467008036305857	0.22672390805214018	0.3335738124352376	0.22978853001326158	0.40847777522519874	0.22731939493502953	0.2743563651253188	0.18773820831761698	0.2369848349998906	0.2479461526908722	0.3533244935949163	0.26943340568629404	0.3071360223096935	0.2217154449859486	0.2563012775441981	0.32482214438523743	0.3543313290824328	0.416981256323745	0.24780899957964028	0.2875687915589514	0.4057949527416167	0.2939059848961178	0.2013293102373033	0.3303918396158736	0.35214776208443693	0.33565722420516314	0.2687629939359339	0.2997471615131117	0.2106048141528143	0.32423334094041184	0.21793246470903566	0.28943993571996174	0.39478205281418194
2_ZM_2	0.3606324659289818	0.3829801895922997	0.3562169307020815	0.34379169613239663	0.47703724671901915	0.5079050195847417	0.5574146735468427	0.5376806946156568	0.4662158551682587	0.5805612904298377	0.5695792392469476	0.5281318633597123	0.6072886036219368	0.48335766081618065	0.5377774997815712	0.46837809925255297	0.5141604611724568	0.0	0.6663304786663355	0.5638614267173172	0.5815837934343601	0.5218310896039173	0.5686598526547243	0.511663997715805	0.5046609755170385	0.5209295449447303	0.5384445097631386	0.4008113776928353	0.3847733944730065	0.3328991567928025	0.6019256638986852	0.5441861113394073	0.526723564385354	0.5150644068853122	0.4395845103575883	0.5412816695037161	0.5546439025322499	0.4856034354086488	0.5606401539642433	0.5046809731588894	0.5064700468892578	0.49354876466308895	0.6474347512967831	0.568506900175896	0.5446205905689674	0.4758688200478582	0.4695033874761584	0.5727896136303023	0.6001915560753255	0.5975475873257701	0.49813147436485594	0.45875885818594897	0.6560646267875452	0.5375411470792878	0.6457040956299973	0.4454226215040021	0.5748506151071828	0.39245970664227703	0.44481936277634687	0.5566407638068265	0.46227421237071303	0.41347575705889983	0.4864104450911446	0.5152181549755255	0.5188869551514285	0.47784485275459265	0.5360246252701829	0.42992140678869545	0.4703387710227952	0.720575164644689	0.6023815852149493	0.41413221953010504	0.5691789981235605	0.49687612142180165	0.5806575419057336	0.6169909040555925	0.46351662277572153	0.4277810818492652	0.47749199724753777	0.6814957531418501	0.5096038677578334	0.5292888193146561	0.4756171621689257	0.39654300414299376	0.42814540865003525	0.5100330128008508	0.4907909762662501	0.42921463036661045	0.4427512043044287	0.5151419804252562	0.4428179756602171	0.42897168247699685	0.40687202452613824	0.44040255479558227	0.4107146033688235	0.5175130014002833	0.41297705885022384	0.5582076789607276	0.422913051669428	0.4360207600702731
2_ZM_3	0.6962362114749328	0.7658690746652056	0.6618915680120563	0.6473679138635571	0.43244926056808974	0.5058452025914469	0.48262894464550776	0.47924494189113037	0.42399664622921446	0.4528529919909137	0.4095305118458512	0.33512720586356853	0.34682987315447195	0.4349868932326325	0.3323843304745961	0.4520606180152398	0.28314002393472215	0.6663304786663355	0.0	0.2124952770454752	0.17137266601279955	0.31611959187852623	0.4918952796043474	0.4605330134867359	0.4730779974377304	0.4316784243958596	0.4487844869822329	0.42326806971150066	0.42485428543866505	0.6129091584728065	0.3558496154878732	0.4619486130840974	0.4481757971173086	0.43802143667969945	0.5033707497439119	0.3778071212040364	0.27669417487772524	0.4124102916797495	0.27337327732476707	0.339713760396478	0.33212137595623475	0.32264369444881164	0.3868198726680099	0.3883810325458276	0.37041872998882075	0.7146355278616354	0.5211819422370834	0.42357694644566707	0.3905571850996489	0.4062708375067138	0.41541493140055075	0.538354791289362	0.2840138058091262	0.4378359629275652	0.2912926931857279	0.5568165107818935	0.42669236722106774	0.5686402435684939	0.5196825457118369	0.26881217210950936	0.5525650309428249	0.5167638806531256	0.4928913524286244	0.3601371456990356	0.37567355903662764	0.45635433118403806	0.5752884692473871	0.6436372857883126	0.4419524275319498	0.26346871212610357	0.3175052685038772	0.6204993415968435	0.3720356015959416	0.43977708002102217	0.2771461485662026	0.37138667444974416	0.4363344175906188	0.5047458579438706	0.44678324438043127	0.21181104516251248	0.40450994024605136	0.37538576061331186	0.5090255232090548	0.5331892282580875	0.5561970458450225	0.42103142994349196	0.47341206864390717	0.5572668300117756	0.49295315486683033	0.3741683442799538	0.5316166254355018	0.5237545667754273	0.5338600611485574	0.4342799438695572	0.46888489356564506	0.3780806078195478	0.49647276482129693	0.39708274887698547	0.47320609106775086	0.5644516436821215
2_ZM_4	0.6207689953780916	0.6882786884740131	0.5980452556475074	0.5927551341655156	0.3439722376094496	0.3949664151188841	0.3518162688163628	0.37284669284284433	0.2916955221705872	0.38301094290968535	0.30571569342384874	0.255965963150956	0.324360946963471	0.31233884053465866	0.269351274982372	0.34231825840093316	0.14144689780063	0.5638614267173172	0.2124952770454752	0.0	0.14158672561748786	0.2729682184610262	0.4113878625628811	0.3104641115962293	0.3445160765108658	0.2786910381862975	0.30177105469908144	0.3235399080803881	0.30898807015054397	0.5364624827286044	0.3392421922398481	0.3596687547738085	0.343388599646044	0.34043342879190747	0.4155787228652881	0.2819402728223803	0.15832159428863468	0.25087926266298316	0.18061580061399216	0.19052399127352285	0.1973257738695236	0.17393612954489474	0.3517181130075159	0.27951594713019545	0.33154189702717296	0.6332996268921264	0.43451863675787017	0.4261588821256072	0.3933429446252971	0.3981467177262216	0.3333796546235081	0.46303755574564176	0.25636376366184294	0.3346953485799118	0.2725334028864409	0.4369802411740497	0.3231102152601611	0.44138999267333573	0.38712428827051504	0.15028122754980322	0.4268552033317829	0.3697364557034809	0.3458074227162829	0.21841137887946033	0.22768448963964077	0.34748254858069966	0.4459597373081881	0.5134177317448805	0.3045903974157382	0.30123867216560346	0.20723914636878793	0.47894514131526467	0.267742744444479	0.29847678167493313	0.16283820033006202	0.24561931685255067	0.29137244223511144	0.3826817536189538	0.30363430097715655	0.2607004182835887	0.25705289253172925	0.2628360844006896	0.37071043713783	0.3872459784185513	0.442652378790666	0.28071391586107675	0.3411223575082058	0.4285393052390387	0.3548308388869465	0.2339641742233052	0.39858410435118896	0.3928236002849057	0.40362258877054075	0.3070025742856616	0.3389990669447016	0.23889553777660397	0.37806658884753364	0.2503160931299433	0.3244733611448589	0.4343409474862875
